{
    "metadata" :
    {
        "formatVersion" : 3,
        "generatedBy"   : "ParametricParts",
        "vertices"      : 64,
        "faces"         : 36,
        "normals"       : 0,
        "colors"        : 0,
        "uvs"           : 0,
        "materials"     : 1,
        "morphTargets"  : 0
    },

    "scale" : 1.0,

    "materials": [    {
    "DbgColor" : 15658734,
    "DbgIndex" : 0,
    "DbgName" : "Material",
    "colorAmbient" : [0.0, 0.0, 0.0],
    "colorDiffuse" : [0.6400000190734865, 0.10179081114814892, 0.126246120426746],
    "colorSpecular" : [0.5, 0.5, 0.5],
    "shading" : "Lambert",
    "specularCoef" : 50,
    "transparency" : 1.0,
    "vertexColors" : false
    }],

    "vertices": [-1.0, -1.0, 1.0, -1.0, 1.0, 1.0, 1.0, -1.0, 1.0, 1.0, 1.0, 1.0, -0.9, 0.9, 0.9999999999999999, 0.8999999999999999, 0.9, 0.9999999999999999, 0.8999999999999999, -0.9, 0.9999999999999999, -0.9, -0.9, 0.9999999999999999, -0.9, 0.9, 0.9999999999999999, -0.8, 0.8000000000000002, 0.9, 0.8999999999999999, 0.9, 0.9999999999999999, 0.8, 0.8000000000000002, 0.9, -0.9, -0.9, 0.9999999999999999, -0.8, -0.8000000000000002, 0.9, -0.9, 0.9, 0.9999999999999999, -0.8, 0.8000000000000002, 0.9, 0.8999999999999999, -0.9, 0.9999999999999999, 0.8, -0.8000000000000002, 0.9, 0.8999999999999999, 0.9, 0.9999999999999999, 0.8, 0.8000000000000002, 0.9, -0.9, -0.9, 0.9999999999999999, -0.8, -0.8000000000000002, 0.9, 0.8999999999999999, -0.9, 0.9999999999999999, 0.8, -0.8000000000000002, 0.9, -1.0, -1.0, -1.0, -1.0, -1.0, 1.0, -1.0, 1.0, -1.0, -1.0, 1.0, 1.0, -1.0, -1.0, -1.0, 1.0, -1.0, -1.0, -1.0, -1.0, 1.0, 1.0, -1.0, 1.0, 1.0, -1.0, -1.0, 1.0, -1.0, 1.0, 1.0, 1.0, -1.0, 1.0, 1.0, 1.0, -1.0, 1.0, -1.0, 1.0, 1.0, -1.0, -1.0, 1.0, 1.0, 1.0, 1.0, 1.0, 0.8, 0.8000000000000002, 0.9, 0.8000000000000002, 0.8000000000000002, -0.8000000000000002, -0.8000000000000002, 0.8000000000000002, -0.8000000000000002, -0.8, 0.8000000000000002, 0.9, -0.8000000000000002, -0.8000000000000002, -0.8000000000000002, -0.8, -0.8000000000000002, 0.9, -0.8000000000000002, 0.8000000000000002, -0.8000000000000002, -0.8, 0.8000000000000002, 0.9, 0.8000000000000002, -0.8000000000000002, -0.8000000000000002, 0.8, -0.8000000000000002, 0.9, 0.8000000000000002, 0.8000000000000002, -0.8000000000000002, 0.8, 0.8000000000000002, 0.9, 0.8000000000000002, -0.8000000000000002, -0.8000000000000002, 0.8, -0.8000000000000002, 0.9, -0.8000000000000002, -0.8000000000000002, -0.8000000000000002, -0.8, -0.8000000000000002, 0.9, -1.0, -1.0, -1.0, -1.0, 1.0, -1.0, 1.0, -1.0, -1.0, 1.0, 1.0, -1.0, -0.8000000000000002, 0.8000000000000002, -0.8000000000000002, -0.8000000000000002, -0.8000000000000002, -0.8000000000000002, 0.8000000000000002, -0.8000000000000002, -0.8000000000000002, 0.8000000000000002, 0.8000000000000002, -0.8000000000000002],

    "morphTargets": [],

    "normals": [],

    "colors": [],

    "uvs": [[]],

    "faces": [0, 4, 1, 0, 0, 4, 0, 7, 0, 6, 0, 2, 0, 6, 7, 0, 0, 3, 5, 6, 0, 3, 6, 2, 0, 3, 1, 4, 0, 3, 4, 5, 0, 11, 8, 9, 0, 11, 10, 8, 0, 15, 12, 13, 0, 15, 14, 12, 0, 19, 17, 16, 0, 19, 16, 18, 0, 23, 21, 20, 0, 23, 20, 22, 0, 25, 26, 24, 0, 25, 27, 26, 0, 31, 28, 29, 0, 31, 30, 28, 0, 33, 32, 34, 0, 33, 34, 35, 0, 39, 37, 36, 0, 39, 36, 38, 0, 40, 42, 41, 0, 40, 43, 42, 0, 45, 44, 46, 0, 45, 46, 47, 0, 49, 50, 48, 0, 49, 51, 50, 0, 53, 52, 54, 0, 53, 54, 55, 0, 59, 56, 57, 0, 59, 58, 56, 0, 63, 60, 61, 0, 63, 61, 62]
}
